18
8 4 5 1 2 0 7 3 9
7 0 9 5 0 4 0 6 2
3 0 2 9 8 7 0 5 4
0 3 6 0 0 5 2 8 0
4 8 1 6 9 2 0 7 3
0 5 7 3 1 8 4 9 6
1 7 0 2 6 0 3 4 5
5 9 3 7 4 1 6 0 8
6 0 4 8 5 0 9 1 0
21
0 5 0 0 8 9 6 3 7
4 3 9 7 5 0 1 8 0
6 0 8 2 1 3 0 5 4
2 4 3 8 0 0 5 0 1
0 8 1 5 0 2 4 7 6
7 0 5 9 4 1 3 2 0
8 1 6 0 2 5 0 4 9
3 2 0 1 9 4 0 0 5
0 9 4 6 0 8 2 1 3
27
0 7 6 0 0 2 0 0 0
1 0 0 5 0 8 0 0 7
8 3 9 7 1 4 2 6 5
2 1 7 0 4 5 0 3 9
4 9 5 6 0 3 8 2 1
6 8 0 1 2 0 5 7 4
7 5 2 4 9 6 1 8 3
3 0 0 2 0 7 0 0 6
0 0 0 3 0 0 7 4 0
28
0 3 0 2 7 4 5 0 9
0 0 2 0 0 9 0 0 8
0 7 6 0 0 3 1 2 4
3 1 5 0 9 6 2 8 7
7 4 8 0 1 0 9 3 6
6 2 9 7 3 0 4 5 1
1 8 3 6 0 0 7 9 0
2 0 0 3 0 0 6 0 0
5 0 4 9 2 7 0 1 0
31
3 0 9 2 1 7 4 0 0
5 2 0 4 0 0 6 9 1
0 8 0 0 6 9 3 2 0
0 0 8 0 2 1 7 0 3
2 0 5 9 0 0 1 6 8
6 3 1 8 0 5 0 4 0
0 9 0 1 5 4 0 3 0
4 0 0 3 8 2 5 0 9
8 5 3 0 0 0 0 1 1
41
6 0 4 5 0 0 9 0 0
5 0 0 7 8 0 3 4 0
3 0 0 2 0 0 6 1 0
0 7 0 3 4 8 0 2 0
8 9 0 0 0 0 0 3 1
0 4 0 1 5 9 0 7 0
0 6 1 0 0 5 0 0 3
0 5 8 0 1 3 0 0 4
0 0 2 0 0 7 1 0 8
43
9 5 8 0 0 0 0 2 0
0 0 0 2 5 6 0 4 0
0 0 6 0 0 0 5 1 7
6 0 0 3 7 8 0 0 0
7 8 4 0 0 0 9 3 2
0 0 0 4 2 9 0 0 8
4 9 2 0 0 0 1 0 0
0 6 0 5 8 1 0 0 0
0 1 0 0 0 0 7 6 3
44
2 7 0 5 0 4 1 0 3
6 0 0 0 7 0 9 0 2
1 4 0 0 2 0 6 0 7
0 0 0 3 9 0 0 7 0
0 3 0 0 1 0 8 9 0
9 0 0 0 0 0 0 0 0
0 2 0 4 5 6 0 0 9
0 5 6 9 0 0 0 2 0
4 0 7 0 3 1 5 0 0
47
5 0 6 0 3 7 2 0 0
0 0 7 8 0 0 0 9 3
3 0 0 0 9 4 0 0 0
0 8 0 2 1 0 0 4 9
7 4 1 6 0 0 0 0 2
0 0 0 0 7 0 0 6 1
0 0 0 9 5 2 0 0 0
0 0 0 0 4 0 0 0 0
0 0 5 7 6 1 0 0 3
49
5 0 0 0 0 0 0 0 6
0 0 0 0 7 3 0 0 0
0 0 8 0 0 0 0 0 1
0 8 0 0 2 6 0 0 5
0 5 9 0 3 4 0 7 0
0 0 0 1 0 0 8 9 4
6 0 0 0 0 8 0 2 3
9 4 0 0 0 0 0 0 0
0 3 2 6 9 5 0 1 7
50
1 2 0 3 0 0 0 9 0
7 0 0 0 1 0 8 0 0
3 4 9 0 0 0 0 7 0
0 0 0 1 0 6 0 4 0
5 0 0 0 9 0 0 0 8
0 6 0 8 0 3 0 0 0
0 3 0 0 0 0 4 8 7
0 0 7 0 8 0 0 0 9
0 8 0 0 0 9 0 1 6
51
0 5 8 0 0 2 4 0 0
7 0 0 0 0 0 1 0 0
0 9 1 0 0 4 0 3 0
0 0 0 0 0 4 0 3 0
8 0 5 0 3 9 0 2 0
0 0 7 0 2 6 8 0 0
0 0 4 1 0 0 6 0 7
0 0 0 0 6 3 0 0 4
0 0 6 0 0 0 0 1 0
53
0 4 0 0 0 0 0 0 8
0 0 0 0 0 0 0 5 0
0 0 0 0 5 6 4 1 9
0 0 7 6 0 0 3 4 5
6 1 0 0 3 5 9 0 0
0 0 0 0 4 0 0 0 0
1 6 8 0 0 2 0 0 0
2 5 0 0 0 1 7 0 0
0 0 0 0 0 0 0 0 2
54
3 0 0 0 0 0 0 0 0
6 5 0 0 1 0 0 7 0
0 0 4 2 0 7 5 0 0
0 0 0 9 0 0 0 0 0
0 0 0 7 0 0 0 0 9
0 9 0 0 6 3 0 4 2
1 7 5 0 3 0 0 6 4
0 4 0 0 0 0 0 0 5
0 0 8 0 0 0 0 0 0
55
0 0 0 2 3 0 0 0 0
0 0 9 8 0 0 2 0 0
0 0 0 0 0 0 5 0 0
5 2 0 3 8 9 4 0 0
7 0 0 0 0 0 0 0 0
0 8 0 0 0 4 0 6 0
0 4 0 9 7 3 0 5 0
0 0 0 0 2 0 6 4 7
0 0 0 0 0 8 0 0 0
56
0 3 0 0 2 4 0 0 0
0 0 1 0 3 0 7 0 5
0 0 0 5 0 0 8 0 0
0 7 0 0 0 0 0 0 0
0 0 4 0 8 0 0 5 7
0 1 0 7 0 0 9 0 0
0 0 6 0 4 0 3 0 0
0 5 0 0 0 0 0 2 0
3 0 7 0 0 0 0 6 0
57
8 4 7 0 0 0 0 5 0
0 0 0 0 0 0 0 0 0
0 1 0 2 0 0 0 0 0
0 0 0 0 1 0 4 0 0
0 9 0 8 0 6 0 2 0
0 0 0 0 0 7 8 3 0
6 0 8 4 5 0 0 0 0
0 0 0 0 0 0 9 0 0
0 0 0 1 2 0 5 4 0
59
0 0 0 9 0 0 0 3 0
0 0 0 0 3 0 0 0 8
7 0 0 0 0 0 9 0 5
0 0 0 0 0 0 3 0 0
0 8 0 6 5 0 0 0 0
0 5 0 0 0 0 2 0 1
2 0 0 0 0 9 7 4 0
0 9 0 8 0 6 0 0 0
0 0 0 2 0 0 0 0 0
60
0 0 0 0 0 0 0 4 0
0 0 1 0 0 0 0 0 8
0 0 0 4 0 7 5 0 0
4 6 8 0 0 0 0 0 0
0 0 0 0 8 0 0 0 3
0 0 0 0 9 0 0 0 2
6 0 0 0 0 0 0 0 0
0 0 0 0 0 0 2 1 0
8 5 3 0 0 9 6 0 0
63
0 0 0 0 0 0 1 0 0
0 2 0 0 7 9 5 0 0
0 0 0 0 0 0 0 0 9
0 8 0 0 0 0 7 0 1
0 0 0 0 0 0 0 0 0
1 0 3 0 0 0 0 4 0
2 0 0 0 0 0 0 0 0
0 0 6 2 3 0 0 8 0
0 0 7 0 0 0 0 0 0




